1 1 1 1 1 1 1 1 1 1 1 1 1 1 1 1 1 1 1 1 1 1
1 1 0 0 0 0 0 0 0 0 0 0 0 0 0 0 0 0 0 0 0 1
1 1 1 1 0 0 0 0 0 0 0 0 0 0 0 0 0 0 1 6 6 1
1 1 1 1 0 0 0 0 0 0 0 0 0 0 0 0 0 0 1 6 6 1
1 1 0 0 0 0 0 0 0 0 0 0 0 0 0 0 0 0 0 0 1 1
1 1 1 0 0 0 0 0 0 0 0 0 0 0 0 0 0 0 0 0 0 1
1 1 0 0 0 0 0 0 0 0 0 0 0 0 0 0 0 0 0 0 0 1
1 3 3 3 3 3 0 0 0 0 0 0 0 0 0 0 0 0 9 9 9 1
1 3 3 3 3 3 0 0 0 0 0 0 0 0 0 0 0 0 9 9 9 1
1 3 3 3 3 3 0 0 0 0 0 0 0 0 0 0 0 0 9 9 9 1
1 3 3 3 3 3 0 0 0 0 0 0 0 0 0 0 0 0 9 9 9 1
1 3 3 3 3 3 0 0 0 0 0 0 0 0 0 0 0 0 9 9 9 1
1 3 3 3 3 3 0 0 0 0 0 0 0 0 0 0 0 0 9 9 9 1
1 3 3 3 3 3 0 0 0 0 0 0 0 0 0 0 0 0 9 9 9 1
1 3 3 3 3 3 0 0 0 0 0 0 0 0 0 0 0 0 9 9 9 1
1 3 3 3 3 3 0 0 0 0 0 0 0 0 0 0 0 0 9 9 9 1
1 1 7 7 0 0 0 0 0 0 0 0 0 0 0 0 0 0 0 0 0 1
1 1 7 7 0 0 0 0 0 0 0 0 0 0 0 0 0 0 0 0 0 1
1 1 7 7 0 0 0 0 0 0 0 0 0 0 0 0 0 0 0 0 0 1
1 1 7 7 0 0 0 0 0 0 0 0 8 8 8 8 8 8 0 1 0 1
1 1 7 7 0 0 0 0 0 0 0 0 8 8 8 8 8 8 0 1 0 1
1 1 1 1 1 1 1 1 1 1 1 1 1 1 1 1 1 1 1 1 1 1
